time[ms]  latitude[deg]  longitude[deg]  radialdist[km]  bx[nT]  by[nT]  bz[nT]  attitude[]
51145895  17.899  53.955 6850.477 28698.7    -87.5 12087.6 7168
26692571  30.058  -18.096 6752.816 23452.1  -4660.8 23174.4    0
 5878149  26.814  68.020 6764.555 28516.5    52.7 23799.5 2036
68870339  -10.883  -16.695 6869.855 16994.7  -6161.8 -12193.1    0
50442859  27.132 -117.834 6780.500 22176.5  4698.7 29976.7 7068
27862809  46.501 145.421 6746.715 20861.4  -2614.7 36546.8    0
 6364405  15.134 -119.730 6784.859 24774.2  4263.6 18955.8 1022
 9833759  30.656  51.594 6803.488 25423.2   809.2 26149.2 7000
 1719129  -76.397  51.737 6932.367  5913.2 -11346.7 -38325.1 7068
68155080  -28.785  -11.924 6827.375 11909.5  -5358.6 -18221.3 7068
47227848  -14.274  73.150 6790.562 22998.7  -4750.0 -24762.6 7000
30507010  -82.924 -145.147 6899.773  -1473.6 10636.5 -45230.7 7068
 9777380  -57.251 -122.064 6842.777 13926.9  9570.1 -37909.7 7068
78128142  30.247 126.344 6863.430 26581.7  -1768.6 24727.9 2000
54829947  16.315  37.336 6728.875 29839.8   288.4  9236.1 2036
33073480  -14.946 131.714 6748.848 28432.1  1824.5 -28224.3 2036
10901166  -70.470 -118.187 6820.871  9306.9 11015.8 -42852.8 7068
73775878  29.870 144.029 6892.629 24984.5  -1005.2 21186.7    0
53564581  -40.836 -141.693 6898.234 18462.0  7267.8 -31852.4 7068
37177501   -2.761  -67.928 6914.398 21852.5  -1680.3  7665.3 7068
15191730  32.703  28.305 6901.570 22973.8   377.7 24478.2    0
82719647  -48.307  -69.859 6744.805 18185.7  3777.6 -19975.6 7068
63970204  50.622 -171.168 6891.543 16762.3  3447.9 34518.5    0
43429572  -10.553  -95.298 6885.371 23095.3  3718.6  -1125.8 2000
30029609   -2.921 142.060 6743.668 30885.1  2422.8 -13125.6 2036
 7879907  -38.582 -120.633 6730.953 20508.7  7626.6 -27921.2 7068
16947709  44.627  22.777 6894.617 18143.3   276.4 32366.5    0
83073986  -42.549  94.126 6798.316 11465.3  -7278.6 -45195.4 7068
66830192  -32.558 163.630 6802.098 20784.6  5532.8 -39351.8    0
51601682  -83.200 139.096 6734.180  -9532.4  -1660.2 -50225.9 7068
43818108  82.898  10.737 6885.359  4078.1   -882.4 44636.3 2036
33841752  55.108  -44.994 6875.480 10836.3  -5403.5 41109.6    0
20589235  -45.430 -172.759 6756.965 16353.4  7524.1 -43768.6 1022
84340616  -76.345  65.214 6729.426  3773.1 -13208.5 -43697.3 2036
64360099  17.423   -4.401 6854.082 25431.2  -3276.9  8449.1    0
44259892  51.663  -89.930 6839.266  9924.6    -90.3 47118.4 7068
29318690  -34.960  -41.204 6733.676 15300.7  -4282.0 -14444.6 2036
10703685  66.458 -154.815 6876.812  9117.5  3984.1 43992.9    0
74936041  52.335  -55.543 6879.617 10833.0  -5204.5 42129.9    0
53911239  66.240 -123.438 6817.012  5634.3  3902.7 48070.3 7000
31804546  72.434  -24.997 6815.535  6526.5  -3788.9 44121.6 7000
11057467  -10.104  38.042 6724.906 20711.4  -1783.6 -18969.5 1022
81305345  -31.467 102.294 6724.559 18351.4  -3833.7 -43889.3 2036
60058610  -82.325 132.753 6781.590  -9065.4  -3375.1 -49344.1 7068
38535136  -55.924 114.672 6841.559  4807.8  -4491.9 -51537.2 7068
28569103   5.983 145.254 6880.184 28870.0  1893.0  -2303.1 2036
 6734726  24.916 -126.301 6864.043 21869.3  4702.7 25567.8    0
71211626  39.624  -37.523 6840.129 17695.4  -5871.2 32835.2 2036
51949011  -50.518 -139.991 6774.895 15926.9  8710.4 -39636.5 2036
28956555   0.190  -35.927 6724.398 22279.7  -7992.7   757.3 2036
 8345387  -73.880 -105.805 6860.570  9685.1 10661.0 -40953.1 1022
70783114   5.270 150.253 6727.637 30497.9  2616.8  -2806.0 2036
49625102  -66.889 -138.498 6830.941  8093.1 10217.3 -45400.0 2036
27696349  -82.849 -139.191 6863.352   -440.5 11191.3 -45594.3 7065
 6452072  -18.176 -120.304 6855.195 23429.0  4980.5 -11182.8 2036
73779193  -17.656 134.676 6783.187 26989.3  2113.0 -30444.0 2036
50964431   8.653 -127.120 6752.973 25941.8  4243.2 12182.4 7000
29123173  -29.559  -41.097 6816.332 15434.4  -4749.8 -12329.2 1022
 8239689  -49.602 -122.233 6857.953 16289.2  8496.3 -33599.6 7068
76303144  -40.918 120.127 6843.480 13652.3  -1262.5 -48027.0 2036
54095439  -61.015 -153.899 6863.918  9373.5  8757.9 -45623.2 7068
34443274  68.308 102.910 6699.910  7338.0   261.2 51414.4 7068
12107032  82.370 150.553 6700.945  2853.1   564.8 49979.5 2036
76948902  23.270 126.033 6783.266 29824.5  -1179.2 18144.1 7068
56522310  -60.936  40.519 6824.105 10331.8  -9756.4 -31004.2 7068
35209954  28.140 113.229 6709.180 30172.0  -1213.0 26121.2 7068
11569396  -30.975 -140.577 6765.691 22639.0  6793.7 -26011.9 7068
75458409  -13.962  -49.247 6737.117 20023.6  -5496.3  -3580.8 7068
52262454  -38.759  51.131 6758.566 11686.7  -8169.7 -27634.9 2036
30887917  58.090 123.618 6708.484 14077.9  -2551.9 48400.5 2036
 8556097  80.909  95.739 6748.383  2879.7  1134.6 49066.4 1022
72242348  68.147 159.505 6773.488 10714.9   -663.5 46201.3 1022
51642731  -80.330 -176.341 6793.211  -5199.6  7294.7 -49969.3 7000
28497405  -73.738  -59.721 6793.445 15561.5  4988.5 -35428.6 1022
 8539500  78.895  84.833 6778.078  3656.2  1513.4 48346.9 2036
72080990  64.869 157.386 6800.340 12283.6  -1036.0 44578.5    0
51673076  -69.213  65.938 6731.117  5642.9 -13022.5 -41944.4 2036
29045346  -33.625 146.434 6707.191 20453.0  3718.9 -45049.3 2036
 8956443  10.280  46.783 6823.105 28787.2   -203.7  2407.9 1022
74515479  -31.870  -43.420 6706.602 16055.9  -4438.1 -13148.8 7068
67437762  -55.856   -8.111 6706.633 12961.0  -4401.0 -24120.0 7068
48213978  -32.324 -122.498 6766.309 21759.7  6702.3 -23346.9    0
27971469  60.665 133.885 6784.496 13014.3  -2594.7 46140.2 7068
 6908079  -36.678  48.757 6744.578 11863.1  -7524.0 -26609.2    0
72362170  27.081  -42.415 6766.930 21472.7  -6797.8 25879.3 7068
52765550  -72.176  64.421 6702.223  5236.7 -13319.8 -42896.1    0
65393854  50.126 178.219 6788.176 18388.6  2070.3 35060.6 7067
42962988  -31.707 -100.771 6716.770 21263.4  6383.4 -18406.3    0
 6820994   1.112 -126.145 6769.121 26161.2  4218.0  5030.8 7068
74136319  -48.121  -38.899 6730.598 15022.0  -2672.7 -19155.4 2036
63237334  77.406  -33.353 6785.641  4244.3  -3770.6 45843.3 7068
43765812  14.117  78.232 6786.996 32095.8  -1214.0  7468.8 1022
45939630   5.742 -108.474 6699.137 26727.7  4051.6 11848.9 2036
71012860  25.892 149.647 6701.473 27585.9    -84.8 18537.4 7036
10426354  -10.920  37.434 6683.207 20483.1  -1843.2 -19919.6 7068
61160176  66.553   -8.600 6749.219 10029.4  -2760.3 43032.5 7068
21075504  25.918 171.003 6770.301 24189.2  2909.0 17961.6 7068
14347046  22.928 -160.556 6762.398 22922.8  4664.5 19756.0 7068
84970235  18.090  90.270 6667.801 34388.7   -701.6 13412.7 1022
83511625   3.732  94.551 6671.918 34399.0   -920.9  -7855.5 2036

